4
922932
0
0
erase 4,902762,1146368,1147393,1160503
new 4,0,699,791,1116
new 2,1116,2140
new 2,2140,3164
new 2,3164,4188
new 2,4188,5212
new 2,5212,6236
new 2,6236,7260
new 2,7260,8284
new 2,8284,9308
new 2,9308,10332
new 2,10332,11356
new 2,11356,12380
new 2,12380,13404
new 2,13404,14428
new 2,14428,15452
new 2,15452,16476
new 2,16476,17500
new 2,17500,18524
new 2,18524,19548
new 2,19548,20572
new 2,20572,21596
new 2,21596,22620
new 2,22620,23644
new 2,23644,24668
new 2,24668,25692
new 2,25692,26716
new 2,26716,27740
new 2,27740,28764
new 2,28764,29788
new 2,29788,30812
new 2,30812,31836
new 6,31836,32770,33053,33054,33559,33648
new 2,33648,34672
new 2,34672,35696
new 2,35696,36720
new 2,36720,37744
new 2,37744,38768
new 2,38768,39792
new 2,39792,40816
new 2,40816,41840
new 2,41840,42864
new 2,42864,43888
new 2,43888,44912
new 2,44912,45936
new 2,45936,46960
new 2,46960,47984
new 2,47984,49008
new 2,49008,50032
new 2,50032,51056
new 2,51056,52080
new 2,52080,53104
new 2,53104,54128
new 2,54128,55152
new 2,55152,56176
new 2,56176,57200
new 2,57200,58224
new 2,58224,59248
new 2,59248,60272
new 2,60272,61296
new 2,61296,62320
new 2,62320,63344
new 2,63344,64368
new 2,64368,65392
new 4,65392,65537,66042,66921
new 2,66921,67945
new 2,67945,68969
new 2,68969,69993
new 2,69993,71017
new 2,71017,72041
new 2,72041,73065
new 2,73065,74089
new 2,74089,75113
new 2,75113,76137
new 2,76137,77161
new 2,77161,78185
new 2,78185,79209
new 2,79209,80233
new 2,80233,81257
new 2,81257,82281
new 2,82281,83305
new 2,83305,84329
new 2,84329,85353
new 2,85353,86377
new 2,86377,87401
new 2,87401,88425
new 2,88425,89449
new 2,89449,90473
new 2,90473,91497
new 2,91497,92521
new 2,92521,93545
new 2,93545,94569
new 2,94569,95593
new 2,95593,96617
new 2,96617,97641
new 6,97641,98306,98589,98590,99095,99453
new 2,99453,100477
new 2,100477,101501
new 2,101501,102525
new 2,102525,103549
new 2,103549,104573
new 2,104573,105597
new 2,105597,106621
new 2,106621,107645
new 2,107645,108669
new 2,108669,109693
new 2,109693,110717
new 2,110717,111741
new 2,111741,112765
new 2,112765,113789
new 2,113789,114813
new 2,114813,115837
new 2,115837,116861
new 2,116861,117885
new 2,117885,118909
new 2,118909,119933
new 2,119933,120957
new 2,120957,121981
new 2,121981,123005
new 2,123005,124029
new 2,124029,125053
new 2,125053,126077
new 2,126077,127101
new 2,127101,128125
new 2,128125,129149
new 2,129149,130173
new 4,130173,131073,131578,131702
new 2,131702,132726
new 2,132726,133750
new 2,133750,134774
new 2,134774,135798
new 2,135798,136822
new 2,136822,137846
new 2,137846,138870
new 2,138870,139894
new 2,139894,140918
new 2,140918,141942
new 2,141942,142966
new 2,142966,143990
new 2,143990,145014
new 2,145014,146038
new 2,146038,147062
new 2,147062,148086
new 2,148086,149110
new 2,149110,150134
new 2,150134,151158
new 2,151158,152182
new 2,152182,153206
new 2,153206,154230
new 2,154230,155254
new 2,155254,156278
new 2,156278,157302
new 2,157302,158326
new 2,158326,159350
new 2,159350,160374
new 2,160374,161398
new 2,161398,162422
new 2,162422,163446
new 6,163446,163842,164125,164126,164631,165258
new 2,165258,166282
new 2,166282,167306
new 2,167306,168330
new 2,168330,169354
new 2,169354,170378
new 2,170378,171402
new 2,171402,172426
new 2,172426,173450
new 2,173450,174474
new 2,174474,175498
new 2,175498,176522
new 2,176522,177546
new 2,177546,178570
new 2,178570,179594
new 2,179594,180618
new 2,180618,181642
new 2,181642,182666
new 2,182666,183690
new 2,183690,184714
new 2,184714,185738
new 2,185738,186762
new 2,186762,187786
new 2,187786,188810
new 2,188810,189834
new 2,189834,190858
new 2,190858,191882
new 2,191882,192906
new 2,192906,193930
new 2,193930,194954
new 2,194954,195978
new 4,195978,196609,197114,197507
new 2,197507,198531
new 2,198531,199555
new 2,199555,200579
new 2,200579,201603
new 2,201603,202627
new 2,202627,203651
new 2,203651,204675
new 2,204675,205699
new 2,205699,206723
new 2,206723,207747
new 2,207747,208771
new 2,208771,209795
new 2,209795,210819
new 2,210819,211843
new 2,211843,212867
new 2,212867,213891
new 2,213891,214915
new 2,214915,215939
new 2,215939,216963
new 2,216963,217987
new 2,217987,219011
new 2,219011,220035
new 2,220035,221059
new 2,221059,222083
new 2,222083,223107
new 2,223107,224131
new 2,224131,225155
new 2,225155,226179
new 2,226179,227203
new 2,227203,228227
new 2,228227,229251
new 6,229251,229378,229661,229662,230167,231063
new 2,231063,232087
new 2,232087,233111
new 2,233111,234135
new 2,234135,235159
new 2,235159,236183
new 2,236183,237207
new 2,237207,238231
new 2,238231,239255
new 2,239255,240279
new 2,240279,241303
new 2,241303,242327
new 2,242327,243351
new 2,243351,244375
new 2,244375,245399
new 2,245399,246423
new 2,246423,247447
new 2,247447,248471
new 2,248471,249495
new 2,249495,250519
new 2,250519,251543
new 2,251543,252567
new 2,252567,253591
new 2,253591,254615
new 2,254615,255639
new 2,255639,256663
new 2,256663,257687
new 2,257687,258711
new 2,258711,259735
new 2,259735,260759
new 2,260759,261783
new 4,261783,262145,262650,263312
new 2,263312,264336
new 2,264336,265360
new 2,265360,266384
new 2,266384,267408
new 2,267408,268432
new 2,268432,269456
new 2,269456,270480
new 2,270480,271504
new 2,271504,272528
new 2,272528,273552
new 2,273552,274576
new 2,274576,275600
new 2,275600,276624
new 2,276624,277648
new 2,277648,278672
new 2,278672,279696
new 2,279696,280720
new 2,280720,281744
new 2,281744,282768
new 2,282768,283792
new 2,283792,284816
new 2,284816,285840
new 2,285840,286864
new 2,286864,287888
new 2,287888,288912
new 2,288912,289936
new 2,289936,290960
new 2,290960,291984
new 2,291984,293008
new 2,293008,294032
new 6,294032,294914,295197,295198,295703,295844
new 2,295844,296868
new 2,296868,297892
new 2,297892,298916
new 2,298916,299940
new 2,299940,300964
new 2,300964,301988
new 2,301988,303012
new 2,303012,304036
new 2,304036,305060
new 2,305060,306084
new 2,306084,307108
new 2,307108,308132
new 2,308132,309156
new 2,309156,310180
new 2,310180,311204
new 2,311204,312228
new 2,312228,313252
new 2,313252,314276
new 2,314276,315300
new 2,315300,316324
new 2,316324,317348
new 2,317348,318372
new 2,318372,319396
new 2,319396,320420
new 2,320420,321444
new 2,321444,322468
new 2,322468,323492
new 2,323492,324516
new 2,324516,325540
new 2,325540,326564
new 2,326564,327588
new 4,327588,327681,328186,329117
new 2,329117,330141
new 2,330141,331165
new 2,331165,332189
new 2,332189,333213
new 2,333213,334237
new 2,334237,335261
new 2,335261,336285
new 2,336285,337309
new 2,337309,338333
new 2,338333,339357
new 2,339357,340381
new 2,340381,341405
new 2,341405,342429
new 2,342429,343453
new 2,343453,344477
new 2,344477,345501
new 2,345501,346525
new 2,346525,347549
new 2,347549,348573
new 2,348573,349597
new 2,349597,350621
new 2,350621,351645
new 2,351645,352669
new 2,352669,353693
new 2,353693,354717
new 2,354717,355741
new 2,355741,356765
new 2,356765,357789
new 2,357789,358813
new 2,358813,359837
new 4,359837,360449,360954,361366
new 2,361366,362390
new 2,362390,363414
new 2,363414,364438
new 2,364438,365462
new 2,365462,366486
new 2,366486,367510
new 2,367510,368534
new 2,368534,369558
new 2,369558,370582
new 2,370582,371606
new 2,371606,372630
new 2,372630,373654
new 2,373654,374678
new 2,374678,375702
new 2,375702,376726
new 2,376726,377750
new 2,377750,378774
new 2,378774,379798
new 2,379798,380822
new 2,380822,381846
new 2,381846,382870
new 2,382870,383894
new 2,383894,384918
new 2,384918,385942
new 2,385942,386966
new 2,386966,387990
new 2,387990,389014
new 2,389014,390038
new 2,390038,391062
new 2,391062,392086
new 2,392086,393110
new 4,393110,393217,393722,394639
new 2,394639,395663
new 2,395663,396687
new 2,396687,397711
new 2,397711,398735
new 2,398735,399759
new 2,399759,400783
new 2,400783,401807
new 2,401807,402831
new 2,402831,403855
new 2,403855,404879
new 2,404879,405903
new 2,405903,406927
new 2,406927,407951
new 2,407951,408975
new 2,408975,409999
new 2,409999,411023
new 2,411023,412047
new 2,412047,413071
new 2,413071,414095
new 2,414095,415119
new 2,415119,416143
new 2,416143,417167
new 2,417167,418191
new 2,418191,419215
new 2,419215,420239
new 2,420239,421263
new 2,421263,422287
new 2,422287,423311
new 2,423311,424335
new 2,424335,425359
new 4,425359,425985,426490,426888
new 2,426888,427912
new 2,427912,428936
new 2,428936,429960
new 2,429960,430984
new 2,430984,432008
new 2,432008,433032
new 2,433032,434056
new 2,434056,435080
new 2,435080,436104
new 2,436104,437128
new 2,437128,438152
new 2,438152,439176
new 2,439176,440200
new 2,440200,441224
new 2,441224,442248
new 2,442248,443272
new 2,443272,444296
new 2,444296,445320
new 2,445320,446344
new 2,446344,447368
new 2,447368,448392
new 2,448392,449416
new 2,449416,450440
new 2,450440,451464
new 2,451464,452488
new 2,452488,453512
new 2,453512,454536
new 2,454536,455560
new 2,455560,456584
new 2,456584,457608
new 2,457608,458632
new 4,458632,458753,459258,460161
new 2,460161,461185
new 2,461185,462209
new 2,462209,463233
new 2,463233,464257
new 2,464257,465281
new 2,465281,466305
new 2,466305,467329
new 2,467329,468353
new 2,468353,469377
new 2,469377,470401
new 2,470401,471425
new 2,471425,472449
new 2,472449,473473
new 2,473473,474497
new 2,474497,475521
new 2,475521,476545
new 2,476545,477569
new 2,477569,478593
new 2,478593,479617
new 2,479617,480641
new 2,480641,481665
new 2,481665,482689
new 2,482689,483713
new 2,483713,484737
new 2,484737,485761
new 2,485761,486785
new 2,486785,487809
new 2,487809,488833
new 2,488833,489857
new 2,489857,490881
new 4,490881,491521,492026,492410
new 2,492410,493434
new 2,493434,494458
new 2,494458,495482
new 2,495482,496506
new 2,496506,497530
new 2,497530,498554
new 2,498554,499578
new 2,499578,500602
new 2,500602,501626
new 2,501626,502650
new 2,502650,503674
new 2,503674,504698
new 2,504698,505722
new 2,505722,506746
new 2,506746,507770
new 2,507770,508794
new 2,508794,509818
new 2,509818,510842
new 2,510842,511866
new 2,511866,512890
new 2,512890,513914
new 2,513914,514938
new 2,514938,515962
new 2,515962,516986
new 2,516986,518010
new 2,518010,519034
new 2,519034,520058
new 2,520058,521082
new 2,521082,522106
new 2,522106,523130
new 2,523130,524154
new 4,524154,524289,524794,525683
new 2,525683,526707
new 2,526707,527731
new 2,527731,528755
new 2,528755,529779
new 2,529779,530803
new 2,530803,531827
new 2,531827,532851
new 2,532851,533875
new 2,533875,534899
new 2,534899,535923
new 2,535923,536947
new 2,536947,537971
new 2,537971,538995
new 2,538995,540019
new 2,540019,541043
new 2,541043,542067
new 2,542067,543091
new 2,543091,544115
new 2,544115,545139
new 2,545139,546163
new 2,546163,547187
new 2,547187,548211
new 2,548211,549235
new 2,549235,550259
new 2,550259,551283
new 2,551283,552307
new 2,552307,553331
new 2,553331,554355
new 2,554355,555379
new 2,555379,556403
new 4,556403,557057,557562,557932
new 2,557932,558956
new 2,558956,559980
new 2,559980,561004
new 2,561004,562028
new 2,562028,563052
new 2,563052,564076
new 2,564076,565100
new 2,565100,566124
new 2,566124,567148
new 2,567148,568172
new 2,568172,569196
new 2,569196,570220
new 2,570220,571244
new 2,571244,572268
new 2,572268,573292
new 2,573292,574316
new 2,574316,575340
new 2,575340,576364
new 2,576364,577388
new 2,577388,578412
new 2,578412,579436
new 2,579436,580460
new 2,580460,581484
new 2,581484,582508
new 2,582508,583532
new 2,583532,584556
new 2,584556,585580
new 2,585580,586604
new 2,586604,587628
new 2,587628,588652
new 2,588652,589676
new 4,589676,589825,590330,591205
new 2,591205,592229
new 2,592229,593253
new 2,593253,594277
new 2,594277,595301
new 2,595301,596325
new 2,596325,597349
new 2,597349,598373
new 2,598373,599397
new 2,599397,600421
new 2,600421,601445
new 2,601445,602469
new 2,602469,603493
new 2,603493,604517
new 2,604517,605541
new 2,605541,606565
new 2,606565,607589
new 2,607589,608613
new 2,608613,609637
new 2,609637,610661
new 2,610661,611685
new 2,611685,612709
new 2,612709,613733
new 2,613733,614757
new 2,614757,615781
new 2,615781,616805
new 2,616805,617829
new 2,617829,618853
new 2,618853,619877
new 2,619877,620901
new 2,620901,621925
new 4,621925,622593,623098,623454
new 2,623454,624478
new 2,624478,625502
new 2,625502,626526
new 2,626526,627550
new 2,627550,628574
new 2,628574,629598
new 2,629598,630622
new 2,630622,631646
new 2,631646,632670
new 2,632670,633694
new 2,633694,634718
new 2,634718,635742
new 2,635742,636766
new 2,636766,637790
new 2,637790,638814
new 2,638814,639838
new 2,639838,640862
new 2,640862,641886
new 2,641886,642910
new 2,642910,643934
new 2,643934,644958
new 2,644958,645982
new 2,645982,647006
new 2,647006,648030
new 2,648030,649054
new 2,649054,650078
new 2,650078,651102
new 2,651102,652126
new 2,652126,653150
new 2,653150,654174
new 2,654174,655198
new 4,655198,655361,655866,656727
new 2,656727,657751
new 2,657751,658775
new 2,658775,659799
new 2,659799,660823
new 2,660823,661847
new 2,661847,662871
new 2,662871,663895
new 2,663895,664919
new 2,664919,665943
new 2,665943,666967
new 2,666967,667991
new 2,667991,669015
new 2,669015,670039
new 2,670039,671063
new 2,671063,672087
new 2,672087,673111
new 2,673111,674135
new 2,674135,675159
new 2,675159,676183
new 2,676183,677207
new 2,677207,678231
new 2,678231,679255
new 2,679255,680279
new 2,680279,681303
new 2,681303,682327
new 2,682327,683351
new 2,683351,684375
new 2,684375,685399
new 2,685399,686423
new 2,686423,687447
new 4,687447,688129,688634,688976
new 2,688976,690000
new 2,690000,691024
new 2,691024,692048
new 2,692048,693072
new 2,693072,694096
new 2,694096,695120
new 2,695120,696144
new 2,696144,697168
new 2,697168,698192
new 2,698192,699216
new 2,699216,700240
new 2,700240,701264
new 2,701264,702288
new 2,702288,703312
new 2,703312,704336
new 2,704336,705360
new 2,705360,706384
new 2,706384,707408
new 2,707408,708432
new 2,708432,709456
new 2,709456,710480
new 2,710480,711504
new 2,711504,712528
new 2,712528,713552
new 2,713552,714576
new 2,714576,715600
new 2,715600,716624
new 2,716624,717648
new 2,717648,718672
new 2,718672,719696
new 2,719696,720720
new 4,720720,720897,721402,722249
new 2,722249,723273
new 2,723273,724297
new 2,724297,725321
new 2,725321,726345
new 2,726345,727369
new 2,727369,728393
new 2,728393,729417
new 2,729417,730441
new 2,730441,731465
new 2,731465,732489
new 2,732489,733513
new 2,733513,734537
new 2,734537,735561
new 2,735561,736585
new 2,736585,737609
new 2,737609,738633
new 2,738633,739657
new 2,739657,740681
new 2,740681,741705
new 2,741705,742729
new 2,742729,743753
new 2,743753,744777
new 2,744777,745801
new 2,745801,746825
new 2,746825,747849
new 2,747849,748873
new 2,748873,749897
new 2,749897,750921
new 2,750921,751945
new 2,751945,752969
new 4,752969,753665,754170,754498
new 2,754498,755522
new 2,755522,756546
new 2,756546,757570
new 2,757570,758594
new 2,758594,759618
new 2,759618,760642
new 2,760642,761666
new 2,761666,762690
new 2,762690,763714
new 2,763714,764738
new 2,764738,765762
new 2,765762,766786
new 2,766786,767810
new 2,767810,768834
new 2,768834,769858
new 2,769858,770882
new 2,770882,771906
new 2,771906,772930
new 2,772930,773954
new 2,773954,774978
new 2,774978,776002
new 2,776002,777026
new 2,777026,778050
new 2,778050,779074
new 2,779074,780098
new 2,780098,781122
new 2,781122,782146
new 2,782146,783170
new 2,783170,784194
new 2,784194,785218
new 2,785218,786242
new 4,786242,786433,786938,787771
new 2,787771,788795
new 2,788795,789819
new 2,789819,790843
new 2,790843,791867
new 2,791867,792891
new 2,792891,793915
new 2,793915,794939
new 2,794939,795963
new 2,795963,796987
new 2,796987,798011
new 2,798011,799035
new 2,799035,800059
new 2,800059,801083
new 2,801083,802107
new 2,802107,803131
new 2,803131,804155
new 2,804155,805179
new 2,805179,806203
new 2,806203,807227
new 2,807227,808251
new 2,808251,809275
new 2,809275,810299
new 2,810299,811323
new 2,811323,812347
new 2,812347,813371
new 2,813371,814395
new 2,814395,815419
new 2,815419,816443
new 2,816443,817467
new 2,817467,818491
new 6,818491,819202,819485,819486,819991,820303
new 2,820303,821327
new 2,821327,822351
new 2,822351,823375
new 2,823375,824399
new 2,824399,825423
new 2,825423,826447
new 2,826447,827471
new 2,827471,828495
new 2,828495,829519
new 2,829519,830543
new 2,830543,831567
new 2,831567,832591
new 2,832591,833615
new 2,833615,834639
new 2,834639,835663
new 2,835663,836687
new 2,836687,837711
new 2,837711,838735
new 2,838735,839759
new 2,839759,840783
new 2,840783,841807
new 2,841807,842831
new 2,842831,843855
new 2,843855,844879
new 2,844879,845903
new 2,845903,846927
new 2,846927,847951
new 2,847951,848975
new 2,848975,849999
new 2,849999,851023
new 4,851023,851969,852474,852552
new 2,852552,853576
new 2,853576,854600
new 2,854600,855624
new 2,855624,856648
new 2,856648,857672
new 2,857672,858696
new 2,858696,859720
new 2,859720,860744
new 2,860744,861768
new 2,861768,862792
new 2,862792,863816
new 2,863816,864840
new 2,864840,865864
new 2,865864,866888
new 2,866888,867912
new 2,867912,868936
new 2,868936,869960
new 2,869960,870984
new 2,870984,872008
new 2,872008,873032
new 2,873032,874056
new 2,874056,875080
new 2,875080,876104
new 2,876104,877128
new 2,877128,878152
new 2,878152,879176
new 2,879176,880200
new 2,880200,881224
new 2,881224,882248
new 2,882248,883272
new 2,883272,884296
new 6,884296,884738,885021,885022,885527,886108
new 2,886108,887132
new 2,887132,888156
new 2,888156,889180
new 2,889180,890204
new 2,890204,891228
new 2,891228,892252
new 2,892252,893276
new 2,893276,894300
new 2,894300,895324
new 2,895324,896348
new 2,896348,897372
new 2,897372,898396
new 2,898396,899420
new 2,899420,900444
new 2,900444,901468
new 6,901468,902250,1146880,1146881,1161015,1161256
new 2,1161256,1162280
new 2,1162280,1163304
new 2,1163304,1164328
new 2,1164328,1165352
new 2,1165352,1166376
new 2,1166376,1167400
new 2,1167400,1168424
new 2,1168424,1169448
new 2,1169448,1170472
new 2,1170472,1171496
new 2,1171496,1172520
new 2,1172520,1173544
new 2,1173544,1174568
new 2,1174568,1175592
new 2,1175592,1176616
new 2,1176616,1177640
new 2,1177640,1178664
new 4,1178664,1179411,1179647,1179648
zero 8,699,791,32770,33053,33054,33559,65537,65681
zero 6,65681,66042,98306,98589,98590,98970
zero 8,98970,99095,131073,131578,163842,164125,164126,164237
zero 6,164237,164631,196609,197114,229378,229503
zero 6,229503,229661,229662,230167,262145,262506
zero 8,262506,262650,294914,295197,295198,295703,327681,327773
zero 6,327773,328186,360449,360954,393217,393323
zero 6,393323,393722,425985,426490,458753,458873
zero 6,458873,459258,491521,492026,524289,524423
zero 6,524423,524794,557057,557562,589825,589973
zero 6,589973,590330,622593,623098,655361,655523
zero 6,655523,655866,688129,688634,720897,721073
zero 6,721073,721402,753665,754170,786433,786623
zero 6,786623,786938,819202,819485,819486,819912
zero 8,819912,819991,851969,852474,884738,885021,885022,885179
zero 6,885179,885527,902250,902762,1146368,1146532
zero 6,1146532,1146880,1146881,1147393,1160503,1160667
zero 4,1160667,1161015,1179411,1179647
