4
293404
0
0
erase 6,284616,294400,295426,359936,360961,386479
new 4,0,525,602,1101
new 2,1101,2125
new 2,2125,3149
new 2,3149,4173
new 2,4173,5197
new 2,5197,6221
new 2,6221,7245
new 2,7245,8269
new 2,8269,9293
new 2,9293,10317
new 2,10317,11341
new 2,11341,12365
new 2,12365,13389
new 2,13389,14413
new 2,14413,15437
new 2,15437,16461
new 2,16461,17485
new 2,17485,18509
new 2,18509,19533
new 2,19533,20557
new 2,20557,21581
new 2,21581,22605
new 2,22605,23629
new 2,23629,24653
new 2,24653,25677
new 2,25677,26701
new 2,26701,27725
new 2,27725,28749
new 2,28749,29773
new 2,29773,30797
new 2,30797,31821
new 6,31821,32770,32864,32865,33370,33444
new 2,33444,34468
new 2,34468,35492
new 2,35492,36516
new 2,36516,37540
new 2,37540,38564
new 2,38564,39588
new 2,39588,40612
new 2,40612,41636
new 2,41636,42660
new 2,42660,43684
new 2,43684,44708
new 2,44708,45732
new 2,45732,46756
new 2,46756,47780
new 2,47780,48804
new 2,48804,49828
new 2,49828,50852
new 2,50852,51876
new 2,51876,52900
new 2,52900,53924
new 2,53924,54948
new 2,54948,55972
new 2,55972,56996
new 2,56996,58020
new 2,58020,59044
new 2,59044,60068
new 2,60068,61092
new 2,61092,62116
new 2,62116,63140
new 2,63140,64164
new 2,64164,65188
new 4,65188,65537,66042,66717
new 2,66717,67741
new 2,67741,68765
new 2,68765,69789
new 2,69789,70813
new 2,70813,71837
new 2,71837,72861
new 2,72861,73885
new 2,73885,74909
new 2,74909,75933
new 2,75933,76957
new 2,76957,77981
new 2,77981,79005
new 2,79005,80029
new 2,80029,81053
new 2,81053,82077
new 2,82077,83101
new 2,83101,84125
new 2,84125,85149
new 2,85149,86173
new 2,86173,87197
new 2,87197,88221
new 2,88221,89245
new 2,89245,90269
new 2,90269,91293
new 2,91293,92317
new 2,92317,93341
new 2,93341,94365
new 2,94365,95389
new 2,95389,96413
new 2,96413,97437
new 6,97437,98306,98400,98401,98906,99060
new 2,99060,100084
new 2,100084,101108
new 2,101108,102132
new 2,102132,103156
new 2,103156,104180
new 2,104180,105204
new 2,105204,106228
new 2,106228,107252
new 2,107252,108276
new 2,108276,109300
new 2,109300,110324
new 2,110324,111348
new 2,111348,112372
new 2,112372,113396
new 2,113396,114420
new 2,114420,115444
new 2,115444,116468
new 2,116468,117492
new 2,117492,118516
new 2,118516,119540
new 2,119540,120564
new 2,120564,121588
new 2,121588,122612
new 2,122612,123636
new 2,123636,124660
new 2,124660,125684
new 2,125684,126708
new 2,126708,127732
new 2,127732,128756
new 2,128756,129780
new 2,129780,130804
new 4,130804,131073,131578,132333
new 2,132333,133357
new 2,133357,134381
new 2,134381,135405
new 2,135405,136429
new 2,136429,137453
new 2,137453,138477
new 2,138477,139501
new 2,139501,140525
new 2,140525,141549
new 2,141549,142573
new 2,142573,143597
new 2,143597,144621
new 2,144621,145645
new 2,145645,146669
new 2,146669,147693
new 2,147693,148717
new 2,148717,149741
new 2,149741,150765
new 2,150765,151789
new 2,151789,152813
new 2,152813,153837
new 2,153837,154861
new 2,154861,155885
new 2,155885,156909
new 2,156909,157933
new 2,157933,158957
new 2,158957,159981
new 2,159981,161005
new 2,161005,162029
new 2,162029,163053
new 6,163053,163842,163936,163937,164442,164676
new 2,164676,165700
new 2,165700,166724
new 2,166724,167748
new 2,167748,168772
new 2,168772,169796
new 2,169796,170820
new 2,170820,171844
new 2,171844,172868
new 2,172868,173892
new 2,173892,174916
new 2,174916,175940
new 2,175940,176964
new 2,176964,177988
new 2,177988,179012
new 2,179012,180036
new 2,180036,181060
new 2,181060,182084
new 2,182084,183108
new 2,183108,184132
new 2,184132,185156
new 2,185156,186180
new 2,186180,187204
new 2,187204,188228
new 2,188228,189252
new 2,189252,190276
new 2,190276,191300
new 2,191300,192324
new 2,192324,193348
new 2,193348,194372
new 2,194372,195396
new 2,195396,196420
new 4,196420,196609,197114,197949
new 2,197949,198973
new 2,198973,199997
new 2,199997,201021
new 2,201021,202045
new 2,202045,203069
new 2,203069,204093
new 2,204093,205117
new 2,205117,206141
new 2,206141,207165
new 2,207165,208189
new 2,208189,209213
new 2,209213,210237
new 2,210237,211261
new 2,211261,212285
new 2,212285,213309
new 2,213309,214333
new 2,214333,215357
new 2,215357,216381
new 2,216381,217405
new 2,217405,218429
new 2,218429,219453
new 2,219453,220477
new 2,220477,221501
new 2,221501,222525
new 2,222525,223549
new 2,223549,224573
new 2,224573,225597
new 2,225597,226621
new 2,226621,227645
new 2,227645,228669
new 6,228669,229378,229472,229473,229978,230292
new 2,230292,231316
new 2,231316,232340
new 2,232340,233364
new 2,233364,234388
new 2,234388,235412
new 2,235412,236436
new 2,236436,237460
new 2,237460,238484
new 2,238484,239508
new 2,239508,240532
new 2,240532,241556
new 2,241556,242580
new 2,242580,243604
new 2,243604,244628
new 2,244628,245652
new 2,245652,246676
new 2,246676,247700
new 2,247700,248724
new 2,248724,249748
new 2,249748,250772
new 2,250772,251796
new 2,251796,252820
new 2,252820,253844
new 2,253844,254868
new 2,254868,255892
new 2,255892,256916
new 2,256916,257940
new 2,257940,258964
new 2,258964,259988
new 2,259988,261012
new 2,261012,262036
new 4,262036,262145,262650,263565
new 2,263565,264589
new 2,264589,265613
new 2,265613,266637
new 2,266637,267661
new 2,267661,268685
new 2,268685,269709
new 2,269709,270733
new 2,270733,271757
new 2,271757,272781
new 2,272781,273805
new 2,273805,274829
new 2,274829,275853
new 2,275853,276877
new 2,276877,277901
new 2,277901,278925
new 2,278925,279949
new 2,279949,280973
new 2,280973,281997
new 2,281997,283021
new 2,283021,284045
new 8,284045,284104,294912,294914,360448,360449,386991,387953
new 2,387953,388977
new 2,388977,390001
new 2,390001,391025
new 2,391025,392049
new 2,392049,393073
new 4,393073,393125,393215,393216
zero 8,525,602,32770,32864,32865,33370,65537,65885
zero 8,65885,66042,98306,98400,98401,98906,131073,131341
zero 8,131341,131578,163842,163936,163937,164442,196609,196797
zero 8,196797,197114,229378,229472,229473,229978,262145,262253
zero 6,262253,262650,284104,284616,294400,294515
zero 6,294515,294912,294914,295426,359936,360051
zero 6,360051,360448,360449,360961,386479,386594
zero 4,386594,386991,393125,393215
